753
781
799
817
836
853
870
886
902
920
936
952
969
986
1002
1018
1035
1052
1069
1086
1103
1119
1136
1153
1170
1186
1203
1220
1236
1253
1270
1287
1301
1321
1335
1354
1369
1384
1403
1419
1436
1454
1471
1487
1505
1520
1538
1554
1571
1588
1603
1621
1637
1655
1670
1688
1704
1721
1738
1754
1772
1789
1805
1823
1839
1855
1871
1889
1905
1922
1938
1955
1972
1988
2004
2021
2037
2055
2071
2087
2104
2121
2145
2170
2188
2204
2222
2238
2256
2272
2289
2305
2322
2339
2353
2372
2387
2406
2422
2439
2456
2474
2488
2506
2522
2539
2556
2572
2590
2607
2624
2641
2656
2673
2690
2707
2723
2740
2773
2799
2817
2829
2845
2863
2879
2897
2913
2929
2946
2963
2981
2995
3011
3028
3045
3061
3077
3095
3126
3145
3161
3178
3194
3211
3227
3245
3260
3278
3294
3310
3329
3346
